111111
222222
333333
444444
55555555555
666666666666666666666
7777777777777
8888888888
99999999
111111111111111111111
333333333333333333333333333
22222222222222222
444444444444444444444
5555555555555555
666666666666666
777777777777777
sdfsjdf
sldkfj
sdfk;111111
222222
333333
444444
55555555555
666666666666666666666
7777777777777
8888888888
99999999
111111111111111111111
333333333333333333333333333
22222222222222222
444444444444444444444
5555555555555555
666666666666666
777777777777777
sdfsjdf
sldkfj
sdfk;sld

111111
222222
333333
444444
55555555555
666666666666666666666
7777777777777
8888888888
99999999
111111111111111111111
333333333333333333333333333
22222222222222222
444444444444444444444
5555555555555555
666666666666666
777777777777777
sdfsjdf
sldkfj
sdfk;111111
222222
333333
444444
55555555555
666666666666666666666
7777777777777

